1.00000000	0.07150769	-0.16215517	-0.07747135	0.98246411	-0.50521823	
0.07150769	1.00000000	-0.76625455	-0.98398306	0.03896267	-0.15953892	
-0.16215517	-0.76625455	1.00000000	0.83070285	-0.12626907	0.17101746	
-0.07747135	-0.98398306	0.83070285	1.00000000	-0.04480325	0.14764754	
0.98246411	0.03896267	-0.12626907	-0.04480325	1.00000000	-0.42510511	
-0.50521823	-0.15953892	0.17101746	0.14764754	-0.42510511	1.00000000	
