1.00000000	-0.09299628	-0.21804963	0.11026240	0.98717169	0.53469876	
-0.09299628	1.00000000	0.72359982	-0.98909861	-0.10741513	-0.05028433	
-0.21804963	0.72359982	1.00000000	-0.77723380	-0.22752121	-0.11505355	
0.11026240	-0.98909861	-0.77723380	1.00000000	0.12570415	0.05018062	
0.98717169	-0.10741513	-0.22752121	0.12570415	1.00000000	0.47555226	
0.53469876	-0.05028433	-0.11505355	0.05018062	0.47555226	1.00000000	
