3321.98236757	-340.92409756	-327.34276170	0.37486506	2.64588511	0.56101650	
-340.92409756	4045.63715858	1198.78316057	-3.71092291	-0.31771562	-0.05822291	
-327.34276170	1198.78316057	678.41811654	-1.19412358	-0.27558161	-0.05455274	
0.37486506	-3.71092291	-1.19412358	0.00347935	0.00034481	0.00005388	
2.64588511	-0.31771562	-0.27558161	0.00034481	0.00216252	0.00040257	
0.56101650	-0.05822291	-0.05455274	0.00005388	0.00040257	0.00033139	
