0.45966335	0.03455101	-0.04178208	-0.00003593	0.00036281	-0.00008039	
0.03455101	0.50789755	-0.20753934	-0.00047973	0.00001512	-0.00002668	
-0.04178208	-0.20753934	0.14443706	0.00021598	-0.00002614	0.00001525	
-0.00003593	-0.00047973	0.00021598	0.00000047	-0.00000002	0.00000002	
0.00036281	0.00001512	-0.00002614	-0.00000002	0.00000030	-0.00000005	
-0.00008039	-0.00002668	0.00001525	0.00000002	-0.00000005	0.00000006	
